%%%Example input file for AnswerSetLAD_primecover_highoccurence.asp
% for data set 10x10input.asp

% all positive and all negative prime patterns (of all degree)
% format: pat(number, sign, degree, (variable, value))


pat(1,1,1,(8,0)).cov(1,1,1,(1,2)).
pat(2,1,1,(1,1)).cov(2,1,1,(1,1)).cov(2,1,1,(1,2)).cov(2,1,1,(1,5)).
pat(3,1,1,(3,1)).cov(3,1,1,(1,3)).cov(3,1,1,(1,4)).cov(3,1,1,(1,5)).
pat(4,1,1,(7,1)).cov(4,1,1,(1,1)).cov(4,1,1,(1,4)).cov(4,1,1,(1,5)).

pat(1,1,2,(9,0)).pat(1,1,2,(10,0)).cov(1,1,2,(1,1)).cov(1,1,2,(1,2)).cov(1,1,2,(1,3)).cov(1,1,2,(1,4)).cov(1,1,2,(1,5)).
pat(2,1,2,(4,0)).pat(2,1,2,(10,0)).cov(2,1,2,(1,1)).cov(2,1,2,(1,2)).cov(2,1,2,(1,3)).cov(2,1,2,(1,4)).cov(2,1,2,(1,5)).
pat(3,1,2,(2,0)).pat(3,1,2,(4,0)).cov(3,1,2,(1,1)).cov(3,1,2,(1,2)).cov(3,1,2,(1,5)).
pat(4,1,2,(2,0)).pat(4,1,2,(9,0)).cov(4,1,2,(1,1)).cov(4,1,2,(1,2)).cov(4,1,2,(1,5)).

pat(1,1,3,(2,1)).pat(1,1,3,(6,1)).pat(1,1,3,(10,0)).cov(1,1,3,(1,3)).
pat(2,1,3,(2,1)).pat(2,1,3,(5,0)).pat(2,1,3,(10,0)).cov(2,1,3,(1,3)).cov(2,1,3,(1,4)).
pat(3,1,3,(6,0)).pat(3,1,3,(5,0)).pat(3,1,3,(10,0)).cov(3,1,3,(1,4)).


pat(1,0,1,(5,1)).cov(1,0,1,(0,6)).cov(1,0,1,(0,10)).
pat(2,0,1,(10,1)).cov(2,0,1,(0,8)).cov(2,0,1,(0,9)).
pat(3,0,1,(9,1)).cov(3,0,1,(0,6)).cov(3,0,1,(0,7)).cov(3,0,1,(0,10)).
pat(4,0,1,(4,1)).cov(4,0,1,(0,6)).cov(4,0,1,(0,7)).cov(4,0,1,(0,10)).

pat(1,0,2,(1,0)).pat(1,0,2,(3,0)).cov(1,0,2,(0,6)).cov(1,0,2,(0,7)).cov(1,0,2,(0,8)).cov(1,0,2,(0,9)).cov(1,0,2,(0,10)).
pat(2,0,2,(6,0)).pat(2,0,2,(3,0)).cov(2,0,2,(0,6)).cov(2,0,2,(0,9)).cov(2,0,2,(0,10)).
pat(3,0,2,(6,0)).pat(3,0,2,(7,0)).cov(3,0,2,(0,6)).cov(3,0,2,(0,9)).cov(3,0,2,(0,10)).
pat(4,0,2,(2,1)).pat(4,0,2,(3,0)).cov(4,0,2,(0,6)).cov(4,0,2,(0,8)).cov(4,0,2,(0,9)).
pat(5,0,2,(6,0)).pat(5,0,2,(2,0)).cov(5,0,2,(0,10)).
pat(6,0,2,(1,0)).pat(6,0,2,(2,0)).cov(6,0,2,(0,7)).cov(6,0,2,(0,10)).

pat(1,0,3,(7,0)).pat(1,0,3,(8,1)).pat(1,0,3,(3,0)).cov(1,0,3,(0,6)).cov(1,0,3,(0,7)).cov(1,0,3,(0,8)).cov(1,0,3,(0,9)).cov(1,0,3,(0,10)).
pat(2,0,3,(7,0)).pat(2,0,3,(8,1)).pat(2,0,3,(2,0)).cov(2,0,3,(0,7)).cov(2,0,3,(0,10)).

